[?25l[0m [38;2;0;0;0m       [38;2;72;130;72m▃[38;2;96;166;81m▆[38;2;86;131;40m▄[0m [38;2;0;0;0m                [38;2;111;167;52m▅[38;2;80;121;38m▃        [0m
 [38;2;0;0;0m    [0m [38;2;84;152;81m▃[38;2;98;174;87m▆[38;2;102;180;88;48;2;104;181;88m▅[38;2;103;180;88;48;2;103;164;63m▉[38;2;101;155;48;48;2;102;156;49m▅[0m[7m[38;2;98;150;47m▝[0m [38;2;59;91;28m               [38;2;68;103;32;48;2;117;177;56m▏[38;2;116;177;56;48;2;118;178;57m▄[0m[38;2;112;170;54m▆[38;2;95;145;46m▃[0m [38;2;0;0;0m     [0m
 [38;2;0;0;0m  [0m [38;2;82;148;79m▄[38;2;95;170;86m▇[38;2;99;177;87;48;2;101;179;88m▄[48;2;101;178;88m▄[38;2;100;177;87;48;2;101;179;88m▅[38;2;100;178;87;48;2;100;162;63m▉[38;2;99;154;49;48;2;100;154;49m▃[48;2;100;155;49m▄[38;2;100;155;49;48;2;96;148;47m╵[0m[38;2;97;152;48m▖              [7m[38;2;114;174;56m▏[0m[38;2;113;174;56;48;2;115;175;56m▅▄▄[0m[38;2;108;165;53m▇[38;2;93;143;46m▄[0m [38;2;38;58;18m   [0m
  [38;2;0;106;153m▄[38;2;77;158;101;48;2;60;112;65m▇[38;2;98;175;86;48;2;98;176;86m▅▅▅[38;2;98;174;86m▄[38;2;98;175;86m▅[48;2;98;160;62m▉[38;2;96;152;49;48;2;98;154;49m▄[38;2;96;151;49;48;2;97;153;49m▂[38;2;96;152;49;48;2;98;154;49m▄[38;2;96;151;49;48;2;97;153;49m▂[0m[7m[38;2;89;141;45m▝[0m [38;2;42;66;21m            [7m[38;2;110;171;56m▏[0m[38;2;110;171;56;48;2;111;172;56m▅[38;2;109;170;56m▃[38;2;110;171;56m▅▅▅[38;2;108;168;55;48;2;68;105;34m▇[0m[38;2;100;156;51m▄[38;2;57;90;29m▁ [0m
[38;2;0;103;150m▅[38;2;0;125;182;48;2;0;122;177m╵[48;2;0;124;180m╶[38;2;0;107;157;48;2;3;116;165m╶[38;2;21;119;142;48;2;84;163;95m▄[38;2;97;173;85;48;2;96;172;86m╵[38;2;96;173;85;48;2;97;174;85m▆[48;2;98;174;85m▇[38;2;96;172;85;48;2;97;173;85m▃[38;2;97;173;85;48;2;96;158;61m▉[38;2;94;150;49;48;2;95;151;49m▇▆▃▆▇[38;2;92;146;47;48;2;63;99;32m▇[0m[38;2;88;141;46m▖           [7m[38;2;107;168;55m▏[0m[38;2;106;167;55;48;2;108;169;55m▃▄▃▄▃▄▃[38;2;108;169;55;48;2;104;163;53m╵[0m[38;2;92;145;47m▅[0m
[7m[38;2;0;121;180m▏[0m[38;2;0;120;180;48;2;0;122;180m▃▃▃[38;2;0;108;160;48;2;0;119;178m▝[38;2;76;155;100;48;2;5;111;155m▝[38;2;47;135;120;48;2;94;170;85m▖[38;2;94;171;84;48;2;95;171;85m▅▄[38;2;95;171;84;48;2;93;156;61m▉[38;2;92;148;49;48;2;93;150;49m▄[38;2;91;148;49;48;2;93;150;48m▃[48;2;93;150;49m▃▃[38;2;92;148;49m▄[38;2;91;148;49;48;2;93;150;48m▃[48;2;93;149;49m▂[0m[7m[38;2;79;127;42m▝[0m [38;2;33;54;18m         [7m[38;2;103;165;54m▏[0m[38;2;103;164;54;48;2;105;166;55m▅[38;2;102;164;55;48;2;104;166;54m▃[38;2;103;164;54;48;2;104;166;55m▄[38;2;102;164;55;48;2;104;166;54m▃[38;2;103;164;54;48;2;105;166;55m▅[38;2;102;164;55;48;2;104;166;54m▃▃[38;2;103;165;54;48;2;105;166;55m▅[38;2;104;165;54;48;2;54;87;28m▉[0m
[7m[38;2;0;118;178m▏[0m[38;2;0;116;177;48;2;0;119;178m▃▃▃▃[38;2;0;117;177;48;2;0;114;170m▇[38;2;0;101;154;48;2;5;111;160m╶[38;2;3;102;152;48;2;74;154;98m▖[38;2;91;168;83;48;2;92;169;83m╷[38;2;92;169;83;48;2;90;154;61m▉[38;2;89;147;49;48;2;90;148;50m▅▅▅▅▅▅▅[48;2;90;148;49m▅[0m[38;2;84;139;46m▇[38;2;76;126;42m▖        [7m[38;2;100;162;54m▏[0m[38;2;99;161;54;48;2;101;163;55m▄▄▃▄▄▄▃▄[38;2;100;162;54;48;2;57;92;30m▉[0m
[7m[38;2;0;114;176m▏[0m[38;2;0;113;176;48;2;0;115;176m▂▂▂▂▂▂[38;2;0;102;156;48;2;0;113;174m▝[38;2;78;157;91;48;2;10;107;148m▝[38;2;50;133;109;48;2;84;161;82m▁[38;2;87;145;48;48;2;88;146;49m▅▅▅▅▅[48;2;88;146;48m▅▅▅▅[48;2;87;145;48m [0m[7m[38;2;67;112;37m▝[0m [38;2;0;0;0m      [7m[38;2;97;159;54m▏[0m[38;2;96;158;54;48;2;98;160;54m▅▅▅▅▅▅▅▅[38;2;97;159;54;48;2;59;97;32m▉[0m
[7m[38;2;0;111;174m▏[0m[38;2;0;110;174;48;2;0;112;175m▄▄▄▄▄▄▄[48;2;0;107;167m▇[38;2;0;109;172;48;2;9;98;134m▖[0m[7m[38;2;74;126;41m▖[0m[38;2;84;144;48;48;2;86;145;48m▅▅▅▅▅▅▅▅▅▆[0m[7m[38;2;83;142;47m▝[0m[38;2;62;107;35m▖     [7m[38;2;93;156;53m▏[0m[38;2;92;155;53;48;2;94;156;53m▂▃[38;2;93;155;53;48;2;94;157;53m▅[38;2;92;155;53;48;2;94;156;53m▃[38;2;93;155;53;48;2;94;157;53m▅[38;2;92;155;53;48;2;94;156;53m▃[38;2;93;155;53;48;2;94;157;53m▅[38;2;92;155;53;48;2;94;156;53m▃[38;2;93;156;53;48;2;61;102;34m▉[0m
[7m[38;2;0;108;172m▏[0m[38;2;0;107;172;48;2;0;109;172m▃▃▃▃▃▃▃▃[0m[38;2;0;108;172m▉ [38;2;79;134;45m▝[38;2;54;94;33;48;2;80;138;47m▁[38;2;81;140;48;48;2;83;141;48m▃▃▃▃[48;2;83;142;48m▅[48;2;83;141;48m▃▃[48;2;83;142;48m▄[48;2;83;141;48m▃[38;2;82;141;48;48;2;81;139;47m╶[0m[38;2;68;117;40m▄[0m [38;2;0;0;0m   [7m[38;2;90;152;52m▏[0m[38;2;89;152;53;48;2;91;153;53m▄▄▄▄▅▄▄▄[38;2;90;152;53;48;2;62;106;36m▉[0m
[7m[38;2;0;104;170m▏[0m[38;2;0;104;170;48;2;0;106;171m▅▅▅▅▅▅▅▅[0m[38;2;0;104;170m▉  [0m [7m[38;2;74;130;45m▖[0m[38;2;79;139;49;48;2;80;140;49m▆▆▆▆▆▆▆▆▆▆[0m[7m[38;2;77;135;47m▝[0m [38;2;47;83;29m  [7m[38;2;85;148;52m▏[0m[38;2;85;148;52;48;2;87;150;53m▃[38;2;86;149;52m▄[38;2;85;148;52m▂[38;2;86;149;52;48;2;88;150;53m▅[38;2;85;148;52;48;2;87;150;53m▃[38;2;86;149;52m▄[38;2;85;148;52m▃▂[38;2;86;149;52;48;2;63;110;38m▉[0m
[7m[38;2;0;101;168m▏[0m[38;2;0;101;168;48;2;0;102;168m▃[38;2;0;100;168m▂[38;2;0;101;168m▃[38;2;0;100;167m▁[38;2;0;101;168m▃[38;2;0;100;168m▂[38;2;0;101;168m▄[38;2;0;100;167m▁[0m[38;2;0;101;168m▉    [7m[38;2;59;105;37m▄[0m[38;2;78;139;49;48;2;74;133;47m╵[38;2;76;138;49;48;2;78;139;49m▄▄▃▄▄▃▄▃▃[38;2;78;139;49;48;2;74;133;47m╵[0m[38;2;57;104;37m▄ [7m[38;2;81;143;50m▏[0m[38;2;82;145;51;48;2;84;147;52m▃▃▃▃▃▃▃▃[38;2;83;146;51;48;2;64;114;40m▉[0m
[7m[38;2;0;98;167m▏[0m[38;2;0;98;167;48;2;0;100;168m▇▇[48;2;0;99;168m▇[48;2;0;99;167m▇[48;2;0;100;168m▇▇[48;2;0;99;167m▇▇[0m[38;2;0;98;167m▉     [0m [7m[38;2;71;132;47m▖[0m[38;2;73;135;49;48;2;74;137;49m▃[38;2;73;135;48m▂▂▂[38;2;73;135;49m▂[38;2;73;135;48m▂[38;2;73;136;49;48;2;74;138;49m▅[38;2;73;135;48;48;2;74;137;49m▂[38;2;73;136;49;48;2;74;138;49m▅[38;2;73;135;48;48;2;74;137;49m▂[0m[7m[38;2;68;126;45m▝[38;2;79;142;50m▏[0m[38;2;79;142;51;48;2;80;144;51m▃[38;2;79;143;51;48;2;81;144;51m▅▅[38;2;79;142;51;48;2;80;144;51m▄[38;2;79;143;51;48;2;81;144;51m▅[38;2;79;142;51;48;2;80;144;51m▃[38;2;79;143;51;48;2;81;144;51m▅▅[38;2;80;143;51;48;2;65;118;41m▉[0m
[7m[38;2;0;95;164m▏[0m[38;2;0;94;163;48;2;0;96;165m▃▃▃▃▃▃▃▃[0m[38;2;0;95;164m▉      [0m [7m[38;2;60;112;40m▄[0m[38;2;72;135;48;48;2;70;132;47m╵[38;2;70;134;48;48;2;72;135;48m▅▅▅▅▅▅▅▅▅[38;2;71;134;48;48;2;84;157;57m▏[38;2;84;158;57;48;2;78;143;52m▖[38;2;75;139;50;48;2;77;141;50m▃▃▃▃▃▃▃[38;2;76;140;50;48;2;66;122;44m▉[0m
[7m[38;2;0;92;162m▏[0m[38;2;0;91;162;48;2;0;93;163m▃▃▄▄▃▃▃▄[0m[38;2;0;92;162m▉        [38;2;51;98;35m▝[7m[38;2;68;131;47m▖[0m[38;2;68;133;48;48;2;69;133;48m▄▃▄▄▄▄▄▄[48;2;81;156;57m▏[38;2;81;156;58;48;2;83;158;58m▅[38;2;74;139;50;48;2;80;154;56m▝[38;2;75;143;53;48;2;73;138;50m▁[38;2;72;136;50;48;2;74;138;50m▄▄▄▄▄[38;2;73;137;50;48;2;66;125;45m▉[0m
[7m[38;2;0;89;160m▏[0m[38;2;0;88;160;48;2;0;90;161m▄▄▄▄▄▄▄▄[0m[38;2;0;89;160m▉         [0m [7m[38;2;51;101;37m▖[0m[38;2;67;132;48;48;2;66;131;48m╵[38;2;65;131;48;48;2;66;132;48m▂▂▁[48;2;67;132;48m▃[48;2;66;132;48m▁▂[38;2;69;138;50;48;2;78;155;57m▎[38;2;77;154;57;48;2;79;155;58m▃▂[38;2;78;153;57;48;2;76;147;54m▇[38;2;76;151;56;48;2;71;136;50m▖[38;2;69;133;49;48;2;70;135;50m▄[48;2;71;135;50m▅[48;2;70;135;50m▄[38;2;68;133;49;48;2;70;134;50m▂[38;2;69;134;49;48;2;66;128;47m▉[0m
[7m[38;2;0;71;130m▃[0m[38;2;0;86;158;48;2;0;83;154m╵[38;2;0;84;157;48;2;0;86;158m▃▃▃▃▃▃▃[0m[38;2;0;85;158m▉           [38;2;54;110;40m▝[7m[38;2;63;129;48m▖[0m[38;2;63;128;48;48;2;64;130;48m▂▃▃▃▃[38;2;66;135;50;48;2;75;152;57m▎[38;2;74;151;57;48;2;75;153;57m▄▄▄[38;2;74;151;58;48;2;75;152;57m▂[38;2;67;132;49;48;2;73;147;55m▝[38;2;65;130;49;48;2;66;132;49m╷[48;2;67;131;49m▃[38;2;67;131;49;48;2;65;129;48m╵[0m[7m[38;2;63;124;46m▃[0m
  [7m[38;2;0;76;143m▄[0m[38;2;0;48;94;48;2;0;81;153m▁[38;2;0;81;156;48;2;0;83;157m▄▄▄▄▄[0m[38;2;0;82;156m▉            [0m [7m[38;2;51;107;41m▖[0m[38;2;60;126;48;48;2;62;128;49m▅▅▅[48;2;62;128;48m▅[38;2;63;131;50;48;2;72;149;57m▎[38;2;71;149;57;48;2;73;150;57m▄▄▄▄▄[38;2;72;149;57;48;2;68;141;54m╶[0m[7m[38;2;56;113;43m▃[38;2;33;67;25m▆[0m[38;2;1;2;0m [0m
 [38;2;0;0;0m  [0m [7m[38;2;0;65;126m▄[38;2;0;78;153m▂[0m[38;2;0;78;154;48;2;0;80;155m▅▅▅[0m[38;2;0;79;154m▉              [38;2;54;116;44m▝[38;2;36;79;31;48;2;56;122;46m▁[38;2;57;125;49;48;2;59;126;48m▃▃[38;2;60;129;49;48;2;68;147;57m▎[38;2;67;146;57;48;2;69;147;57m▁▁▁[38;2;38;84;32;48;2;67;144;55m▁[0m[7m[38;2;63;133;51m▄[38;2;35;75;28m▇[0m[38;2;2;5;2m   [0m
 [38;2;0;0;0m    [0m [7m[38;2;0;61;122m▅[38;2;0;71;144m▂[0m[38;2;0;74;152;48;2;0;76;152m▅[0m[38;2;0;75;152m▉               [0m [7m[38;2;51;113;43m▖[0m[38;2;55;124;48;48;2;56;125;48m▄[38;2;57;127;49;48;2;65;144;57m▎[38;2;65;144;57;48;2;66;145;57m▅[38;2;32;73;28;48;2;64;143;56m▂[0m[7m[38;2;53;116;45m▄[0m [38;2;0;0;0m     [0m
 [38;2;0;0;0m       [7m[38;2;0;56;115m▆[38;2;0;63;131m▃[0m[38;2;0;14;30m                 [38;2;53;121;46m▝[7m[38;2;57;130;51m▂[38;2;50;112;44m▅[0m [38;2;0;0;0m       [0m
[?25h